   10.000000000000000        9.9783218736227817E-006
   20.000000000000000        3.9791389025525192E-005
   30.000000000000000        8.9103086461207189E-005
   40.000000000000000        1.5738750014037350E-004
   50.000000000000000        2.4394475019364880E-004
   60.000000000000000        3.4791501612520682E-004
   70.000000000000000        4.6829596605477743E-004
   80.000000000000000        6.0396277366397196E-004
   90.000000000000000        7.5368664270926986E-004
   100.00000000000000        9.1615549382685223E-004
   110.00000000000000        1.0899987826764718E-003
   120.00000000000000        1.2738099231427388E-003
   130.00000000000000        1.4661623082126880E-003
   140.00000000000000        1.6656214573204813E-003
   150.00000000000000        1.8707574294389076E-003
   160.00000000000000        2.0801597514667780E-003
   170.00000000000000        2.2924565115572709E-003
   180.00000000000000        2.5063380060914033E-003
   190.00000000000000        2.7205797627681124E-003
   200.00000000000000        2.9340587170967858E-003
   210.00000000000000        3.1457650869141725E-003
   220.00000000000000        3.3548133896997021E-003
   230.00000000000000        3.5604421807326372E-003
   240.00000000000000        3.7619961094025834E-003
   250.00000000000000        3.9589038433778811E-003
   260.00000000000000        4.1506646107854275E-003
   270.00000000000000        4.3368430127004188E-003
   280.00000000000000        4.5170691698064730E-003
   290.00000000000000        4.6910450110198617E-003
   300.00000000000000        4.8585536251481536E-003
   310.00000000000000        5.0194606860381689E-003
   320.00000000000000        5.1737028984459327E-003
   330.00000000000000        5.3212722634930730E-003
   340.00000000000000        5.4622039016693266E-003
   350.00000000000000        5.5965680541895553E-003
   360.00000000000000        5.7244673493837862E-003
   370.00000000000000        5.8460405877850431E-003
   380.00000000000000        5.9614704241541822E-003
   390.00000000000000        6.0709882007202471E-003
   400.00000000000000        6.1748688323030104E-003
   410.00000000000000        6.2734141856903977E-003
   420.00000000000000        6.3669316368748256E-003
   430.00000000000000        6.4557160090106093E-003
   440.00000000000000        6.5400361117324748E-003
   450.00000000000000        6.6201238370599711E-003
   460.00000000000000        6.6961677250172149E-003
   470.00000000000000        6.7683142682681300E-003
   480.00000000000000        6.8366784780492188E-003
   490.00000000000000        6.9013636010111746E-003
   500.00000000000000        6.9624837648362909E-003
   510.00000000000000        7.0201767752920679E-003
   520.00000000000000        7.0745978265033200E-003
   530.00000000000000        7.1258975340017005E-003
   540.00000000000000        7.1741981166265276E-003
   550.00000000000000        7.2195818209646150E-003
   560.00000000000000        7.2620971321077565E-003
   570.00000000000000        7.3017768529522516E-003
   580.00000000000000        7.3386557677716053E-003
   590.00000000000000        7.3727801191400709E-003
   600.00000000000000        7.4042105059436633E-003
   610.00000000000000        7.4330209899236173E-003
   620.00000000000000        7.4592919917077331E-003
   630.00000000000000        7.4830965922507422E-003
   640.00000000000000        7.5044866099608408E-003
   650.00000000000000        7.5234854819319196E-003
   660.00000000000000        7.5400909398275979E-003
   670.00000000000000        7.5542866792175081E-003
   680.00000000000000        7.5660589691037838E-003
   690.00000000000000        7.5754122915018263E-003
   700.00000000000000        7.5823823426653158E-003
   710.00000000000000        7.5870516885722730E-003
   720.00000000000000        7.5895693648352887E-003
   730.00000000000000        7.5901620927321806E-003
   740.00000000000000        7.5891222244373309E-003
   750.00000000000000        7.5867724611847938E-003
   760.00000000000000        7.5834217471171259E-003
   770.00000000000000        7.5793278912147464E-003
   780.00000000000000        7.5746767935073291E-003
   790.00000000000000        7.5695830083248256E-003
   800.00000000000000        7.5641099660998419E-003
   810.00000000000000        7.5582997648909597E-003
   820.00000000000000        7.5521984710117517E-003
   830.00000000000000        7.5458686559115602E-003
   840.00000000000000        7.5393925813305018E-003
   850.00000000000000        7.5328757767554478E-003
   860.00000000000000        7.5264544839026542E-003
   870.00000000000000        7.5202989814541097E-003
   880.00000000000000        7.5146023428448233E-003
   890.00000000000000        7.5095540037477555E-003
   900.00000000000000        7.5053095226673859E-003
   910.00000000000000        7.5019705583856148E-003
   920.00000000000000        7.4995812407471791E-003
   930.00000000000000        7.4981384172199484E-003
   940.00000000000000        7.4976105115553658E-003
   950.00000000000000        7.4979602419898306E-003
   960.00000000000000        7.4991666008501056E-003
   970.00000000000000        7.5012405775316589E-003
   980.00000000000000        7.5042290603505165E-003
   990.00000000000000        7.5082057730862092E-003
   1000.0000000000000        7.5132532876817067E-003
   1010.0000000000000        7.5194425533281831E-003
   1020.0000000000000        7.5268192662833735E-003
   1030.0000000000000        7.5354027656946709E-003
   1040.0000000000000        7.5451916742893029E-003
   1050.0000000000000        7.5561676452510903E-003
   1060.0000000000000        7.5682962073332421E-003
   1070.0000000000000        7.5815284261473558E-003
   1080.0000000000000        7.5958042179187536E-003
   1090.0000000000000        7.6110536268391765E-003
   1100.0000000000000        7.6271929110364491E-003
   1110.0000000000000        7.6441175898620877E-003
   1120.0000000000000        7.6616974898548358E-003
   1130.0000000000000        7.6797764431284334E-003
   1140.0000000000000        7.6981778295978753E-003
   1150.0000000000000        7.7167184072059443E-003
   1160.0000000000000        7.7352301332575335E-003
   1170.0000000000000        7.7535816600098001E-003
   1180.0000000000000        7.7716874136480995E-003
   1190.0000000000000        7.7894997541652624E-003
   1200.0000000000000        7.8069914644806381E-003
   1210.0000000000000        7.8241405152530141E-003
   1220.0000000000000        7.8409252984912216E-003
   1230.0000000000000        7.8573306952720839E-003
   1240.0000000000000        7.8733579326714809E-003
   1250.0000000000000        7.8890281003164541E-003
   1260.0000000000000        7.9043727899432269E-003
   1270.0000000000000        7.9194151952549363E-003
   1280.0000000000000        7.9341544504095817E-003
   1290.0000000000000        7.9485653695737842E-003
   1300.0000000000000        7.9626135782067328E-003
   1310.0000000000000        7.9762741912314684E-003
   1320.0000000000000        7.9895439617743858E-003
   1330.0000000000000        8.0024466387369764E-003
   1340.0000000000000        8.0150340309987009E-003
   1350.0000000000000        8.0273812787796332E-003
   1360.0000000000000        8.0395742859663433E-003
   1370.0000000000000        8.0516921518702152E-003
   1380.0000000000000        8.0637919949915048E-003
   1390.0000000000000        8.0759035692372083E-003
   1400.0000000000000        8.0880364154218756E-003
   1410.0000000000000        8.1001947074247089E-003
   1420.0000000000000        8.1123886825781536E-003
   1430.0000000000000        8.1246334781596291E-003
   1440.0000000000000        8.1369372345770734E-003
   1450.0000000000000        8.1492890604647986E-003
   1460.0000000000000        8.1616542478260504E-003
   1470.0000000000000        8.1739757352857056E-003
   1480.0000000000000        8.1861785916183226E-003
   1490.0000000000000        8.1981775668218612E-003
   1500.0000000000000        8.2098886375011476E-003
   1510.0000000000000        8.2212419692660899E-003
   1520.0000000000000        8.2321909906474290E-003
   1530.0000000000000        8.2427142884457516E-003
   1540.0000000000000        8.2528117040866905E-003
   1550.0000000000000        8.2624986056905637E-003
   1560.0000000000000        8.2718008116587239E-003
   1570.0000000000000        8.2807494873769691E-003
   1580.0000000000000        8.2893753948741246E-003
   1590.0000000000000        8.2977047931170108E-003
   1600.0000000000000        8.3057589980204648E-003
   1610.0000000000000        8.3135572434694625E-003
   1620.0000000000000        8.3211239301815287E-003
   1630.0000000000000        8.3285022537000365E-003
   1640.0000000000000        8.3357687843434725E-003
   1650.0000000000000        8.3430364392518691E-003
   1660.0000000000000        8.3504407754403497E-003
   1670.0000000000000        8.3581180978071854E-003
   1680.0000000000000        8.3661866782924858E-003
   1690.0000000000000        8.3747365844987261E-003
   1700.0000000000000        8.3838275850011846E-003
   1710.0000000000000        8.3934895041007044E-003
   1720.0000000000000        8.4037176822693016E-003
   1730.0000000000000        8.4144623874038340E-003
   1740.0000000000000        8.4256200371977449E-003
   1750.0000000000000        8.4370358734961858E-003
   1760.0000000000000        8.4485220812073759E-003
   1770.0000000000000        8.4598882301213200E-003
   1780.0000000000000        8.4709752425989378E-003
   1790.0000000000000        8.4816813561440687E-003
   1800.0000000000000        8.4919712906843733E-003
   1810.0000000000000        8.5018680059794280E-003
   1820.0000000000000        8.5114344992604091E-003
   1830.0000000000000        8.5207548602659489E-003
   1840.0000000000000        8.5299198129913257E-003
   1850.0000000000000        8.5390179452412163E-003
   1860.0000000000000        8.5481321635519809E-003
   1870.0000000000000        8.5573396416616203E-003
   1880.0000000000000        8.5667122649649048E-003
   1890.0000000000000        8.5763148162478868E-003
   1900.0000000000000        8.5862001599985981E-003
   1910.0000000000000        8.5964032404982679E-003
   1920.0000000000000        8.6069368456458614E-003
   1930.0000000000000        8.6177910799061924E-003
   1940.0000000000000        8.6289369476790171E-003
   1950.0000000000000        8.6403329082032198E-003
   1960.0000000000000        8.6519305334830307E-003
   1970.0000000000000        8.6636743426961819E-003
   1980.0000000000000        8.6754964269620642E-003
   1990.0000000000000        8.6873140891418395E-003
   2000.0000000000000        8.6990372437767884E-003
   2010.0000000000000        8.7105818874733017E-003
   2020.0000000000000        8.7218797407713610E-003
   2030.0000000000000        8.7328797106946757E-003
   2040.0000000000000        8.7435452192123758E-003
   2050.0000000000000        8.7538502519390760E-003
   2060.0000000000000        8.7637705292418315E-003
   2070.0000000000000        8.7732692047028816E-003
   2080.0000000000000        8.7822867913666756E-003
   2090.0000000000000        8.7907462416701200E-003
   2100.0000000000000        8.7985734741678461E-003
   2110.0000000000000        8.8057233784738266E-003
   2120.0000000000000        8.8121996026654919E-003
   2130.0000000000000        8.8180615893868677E-003
   2140.0000000000000        8.8234187284585777E-003
   2150.0000000000000        8.8284154402207948E-003
   2160.0000000000000        8.8332129262588665E-003
   2170.0000000000000        8.8379731666383150E-003
   2180.0000000000000        8.8428475744012063E-003
   2190.0000000000000        8.8479699883473872E-003
   2200.0000000000000        8.8534546455096060E-003
   2210.0000000000000        8.8594001916117576E-003
   2220.0000000000000        8.8658958709786628E-003
   2230.0000000000000        8.8730218322943047E-003
   2240.0000000000000        8.8808405036575905E-003
   2250.0000000000000        8.8893853417273874E-003
   2260.0000000000000        8.8986563340896149E-003
   2270.0000000000000        8.9086269860281474E-003
   2280.0000000000000        8.9192601813786049E-003
   2290.0000000000000        8.9305252300889600E-003
   2300.0000000000000        8.9424085386419893E-003
   2310.0000000000000        8.9549141129407449E-003
   2320.0000000000000        8.9680544725498235E-003
   2330.0000000000000        8.9818365665526347E-003
   2340.0000000000000        8.9962491182259945E-003
   2350.0000000000000        9.0112556121386550E-003
   2360.0000000000000        9.0267934072959747E-003
   2370.0000000000000        9.0427789071056159E-003
   2380.0000000000000        9.0591204252434103E-003
   2390.0000000000000        9.0757378207449307E-003
   2400.0000000000000        9.0925810829935848E-003
   2410.0000000000000        9.1096380250133072E-003
   2420.0000000000000        9.1269278527662725E-003
   2430.0000000000000        9.1444846930060844E-003
   2440.0000000000000        9.1623370317825952E-003
   2450.0000000000000        9.1804893328209739E-003
   2460.0000000000000        9.1989130970845049E-003
   2470.0000000000000        9.2175509720309173E-003
   2480.0000000000000        9.2363299352484860E-003
   2490.0000000000000        9.2551762002597137E-003
   2500.0000000000000        9.2740268316998369E-003
   2510.0000000000000        9.2928371824407725E-003
   2520.0000000000000        9.3115858607633328E-003
   2530.0000000000000        9.3302768015314577E-003
   2540.0000000000000        9.3489335821195993E-003
   2550.0000000000000        9.3675828272617098E-003
   2560.0000000000000        9.3862326453317425E-003
   2570.0000000000000        9.4048584934801303E-003
   2580.0000000000000        9.4234045597247299E-003
   2590.0000000000000        9.4417977792052715E-003
   2600.0000000000000        9.4599645054001258E-003
   2610.0000000000000        9.4778413635429933E-003
   2620.0000000000000        9.4953779385352436E-003
   2630.0000000000000        9.5125339570181194E-003
   2640.0000000000000        9.5292755276886066E-003
   2650.0000000000000        9.5455744935152229E-003
   2660.0000000000000        9.5614128340875629E-003
   2670.0000000000000        9.5767906756727469E-003
   2680.0000000000000        9.5917332939174319E-003
   2690.0000000000000        9.6062920241559331E-003
   2700.0000000000000        9.6205365042536951E-003
   2710.0000000000000        9.6345403291076114E-003
   2720.0000000000000        9.6483684342279271E-003
   2730.0000000000000        9.6620758004154015E-003
   2740.0000000000000        9.6757168472848785E-003
   2750.0000000000000        9.6893533995217693E-003
   2760.0000000000000        9.7030513563522228E-003
   2770.0000000000000        9.7168675427187334E-003
   2780.0000000000000        9.7308347650740274E-003
   2790.0000000000000        9.7449528124105636E-003
   2800.0000000000000        9.7591884244739458E-003
   2810.0000000000000        9.7734799226930728E-003
   2820.0000000000000        9.7877408402344806E-003
   2830.0000000000000        9.8018636705635258E-003
   2840.0000000000000        9.8157289628518930E-003
   2850.0000000000000        9.8292209903431665E-003
   2860.0000000000000        9.8422450213983843E-003
   2870.0000000000000        9.8547395987209300E-003
   2880.0000000000000        9.8666808514021528E-003
   2890.0000000000000        9.8780776964460179E-003
   2900.0000000000000        9.8889549903541790E-003
   2910.0000000000000        9.8993277000731187E-003
   2920.0000000000000        9.9091817214478350E-003
   2930.0000000000000        9.9184759781450402E-003
   2940.0000000000000        9.9271639186093510E-003
   2950.0000000000000        9.9352184155298146E-003
   2960.0000000000000        9.9426421027448350E-003
   2970.0000000000000        9.9494551014457869E-003
   2980.0000000000000        9.9556680317384304E-003
   2990.0000000000000        9.9612584288646232E-003
   3000.0000000000000        9.9661656484613340E-003
   3010.0000000000000        9.9703069582988187E-003
   3020.0000000000000        9.9736056275527632E-003
   3030.0000000000000        9.9760176414132942E-003
   3040.0000000000000        9.9775464777753561E-003
   3050.0000000000000        9.9782433785021891E-003
   3060.0000000000000        9.9782019242283596E-003
   3070.0000000000000        9.9775556012010498E-003
   3080.0000000000000        9.9764738076530881E-003
   3090.0000000000000        9.9751506701028000E-003
   3100.0000000000000        9.9737938602353048E-003
   3110.0000000000000        9.9726215699249780E-003
   3120.0000000000000        9.9718617178028383E-003
   3130.0000000000000        9.9717403995340237E-003
   3140.0000000000000        9.9724568308886888E-003
   3150.0000000000000        9.9741550911361561E-003
   3160.0000000000000        9.9769038857680029E-003
   3170.0000000000000        9.9806894686477621E-003
   3180.0000000000000        9.9854245650678186E-003
   3190.0000000000000        9.9909750833272280E-003
   3200.0000000000000        9.9971994683470556E-003
   3210.0000000000000        1.0003986531281711E-002
   3220.0000000000000        1.0011275243919541E-002
   3230.0000000000000        1.0019047992182024E-002
   3240.0000000000000        1.0027305652279484E-002
   3250.0000000000000        1.0036044846191996E-002
   3260.0000000000000        1.0045250813963718E-002
   3270.0000000000000        1.0054904586551059E-002
   3280.0000000000000        1.0064997252391919E-002
   3290.0000000000000        1.0075543990222277E-002
   3300.0000000000000        1.0086589049367420E-002
   3310.0000000000000        1.0098193784584117E-002
   3320.0000000000000        1.0110409158782589E-002
   3330.0000000000000        1.0123246791037878E-002
   3340.0000000000000        1.0136664868775425E-002
   3350.0000000000000        1.0150573672607025E-002
   3360.0000000000000        1.0164852044827005E-002
   3370.0000000000000        1.0179361889135683E-002
   3380.0000000000000        1.0193955077756481E-002
   3390.0000000000000        1.0208478926940091E-002
   3400.0000000000000        1.0222788718882690E-002
   3410.0000000000000        1.0236765469132717E-002
   3420.0000000000000        1.0250329323167549E-002
   3430.0000000000000        1.0263444193433448E-002
   3440.0000000000000        1.0276117560574940E-002
   3450.0000000000000        1.0288398524339687E-002
   3460.0000000000000        1.0300372385781627E-002
   3470.0000000000000        1.0312150433858606E-002
   3480.0000000000000        1.0323855576854602E-002
   3490.0000000000000        1.0335604250316230E-002
   3500.0000000000000        1.0347488282575220E-002
   3510.0000000000000        1.0359564770518588E-002
   3520.0000000000000        1.0371857911813687E-002
   3530.0000000000000        1.0384367563107457E-002
   3540.0000000000000        1.0397076221475015E-002
   3550.0000000000000        1.0409952083034756E-002
   3560.0000000000000        1.0422952848873958E-002
   3570.0000000000000        1.0436034629116676E-002
   3580.0000000000000        1.0449164369758691E-002
   3590.0000000000000        1.0462329483559091E-002
   3600.0000000000000        1.0475538156981063E-002
   3610.0000000000000        1.0488807821891964E-002
   3620.0000000000000        1.0502146145272142E-002
   3630.0000000000000        1.0515535522985019E-002
   3640.0000000000000        1.0528930752938051E-002
   3650.0000000000000        1.0542268269601165E-002
   3660.0000000000000        1.0555477171093494E-002
   3670.0000000000000        1.0568487337780342E-002
   3680.0000000000000        1.0581238539938517E-002
   3690.0000000000000        1.0593692329133240E-002
   3700.0000000000000        1.0605839895179721E-002
   3710.0000000000000        1.0617698244671004E-002
   3720.0000000000000        1.0629295197179062E-002
   3730.0000000000000        1.0640651450755236E-002
   3740.0000000000000        1.0651770385961360E-002
   3750.0000000000000        1.0662641874219893E-002
   3760.0000000000000        1.0673255203723048E-002
   3770.0000000000000        1.0683607286523586E-002
   3780.0000000000000        1.0693697738337152E-002
   3790.0000000000000        1.0703517310626822E-002
   3800.0000000000000        1.0713043223790495E-002
   3810.0000000000000        1.0722250752537771E-002
   3820.0000000000000        1.0731140253344399E-002
   3830.0000000000000        1.0739762120615124E-002
   3840.0000000000000        1.0748216710876647E-002
   3850.0000000000000        1.0756631438160467E-002
   3860.0000000000000        1.0765133356862858E-002
   3870.0000000000000        1.0773821019979079E-002
   3880.0000000000000        1.0782739164534866E-002
   3890.0000000000000        1.0791874147197291E-002
   3900.0000000000000        1.0801180695625781E-002
   3910.0000000000000        1.0810624490001877E-002
   3920.0000000000000        1.0820210191945222E-002
   3930.0000000000000        1.0829979341307134E-002
   3940.0000000000000        1.0839987154761381E-002
   3950.0000000000000        1.0850272352378818E-002
   3960.0000000000000        1.0860830604940766E-002
   3970.0000000000000        1.0871604490243915E-002
   3980.0000000000000        1.0882496701499926E-002
   3990.0000000000000        1.0893398204131292E-002
   4000.0000000000000        1.0904217781658936E-002
   4010.0000000000000        1.0914906581675592E-002
   4020.0000000000000        1.0925476930303071E-002
   4030.0000000000000        1.0936011323709537E-002
   4040.0000000000000        1.0946652726262149E-002
   4050.0000000000000        1.0957572600301899E-002
   4060.0000000000000        1.0968928338567442E-002
   4070.0000000000000        1.0980830789013961E-002
   4080.0000000000000        1.0993334177368331E-002
   4090.0000000000000        1.1006445410030709E-002
   4100.0000000000000        1.1020141427346185E-002
   4110.0000000000000        1.1034384315036798E-002
   4120.0000000000000        1.1049129319132010E-002
   4130.0000000000000        1.1064325354405141E-002
   4140.0000000000000        1.1079909570757315E-002
   4150.0000000000000        1.1095798441122365E-002
   4160.0000000000000        1.1111880044359531E-002
   4170.0000000000000        1.1128015174849624E-002
   4180.0000000000000        1.1144052069550534E-002
   4190.0000000000000        1.1159849297574605E-002
   4200.0000000000000        1.1175293767659021E-002
   4210.0000000000000        1.1190304477748839E-002
   4220.0000000000000        1.1204824094170267E-002
   4230.0000000000000        1.1218809072342037E-002
   4240.0000000000000        1.1232227714082737E-002
   4250.0000000000000        1.1245066379045546E-002
   4260.0000000000000        1.1257335199225999E-002
   4270.0000000000000        1.1269063902013451E-002
   4280.0000000000000        1.1280287773753920E-002
   4290.0000000000000        1.1291035207401290E-002
   4300.0000000000000        1.1301328378833703E-002
   4310.0000000000000        1.1311195181130988E-002
   4320.0000000000000        1.1320680170248726E-002
   4330.0000000000000        1.1329847078352264E-002
   4340.0000000000000        1.1338772876137951E-002
   4350.0000000000000        1.1347535967594307E-002
   4360.0000000000000        1.1356205102408649E-002
   4370.0000000000000        1.1364835975052234E-002
   4380.0000000000000        1.1373475677659908E-002
   4390.0000000000000        1.1382170532203596E-002
   4400.0000000000000        1.1390974060235677E-002
   4410.0000000000000        1.1399952279342632E-002
   4420.0000000000000        1.1409182062936932E-002
   4430.0000000000000        1.1418740714380114E-002
   4440.0000000000000        1.1428691080558771E-002
   4450.0000000000000        1.1439070485267400E-002
   4460.0000000000000        1.1449889997427069E-002
   4470.0000000000000        1.1461144602110805E-002
   4480.0000000000000        1.1472828733680622E-002
   4490.0000000000000        1.1484948306675484E-002
   4500.0000000000000        1.1497521660160373E-002
   4510.0000000000000        1.1510569172517136E-002
   4520.0000000000000        1.1524101133506080E-002
   4530.0000000000000        1.1538115988809725E-002
   4540.0000000000000        1.1552611853853393E-002
   4550.0000000000000        1.1567601191471702E-002
   4560.0000000000000        1.1583113906631656E-002
   4570.0000000000000        1.1599183746140119E-002
   4580.0000000000000        1.1615828442413188E-002
   4590.0000000000000        1.1633038483129070E-002
   4600.0000000000000        1.1650779378234067E-002
   4610.0000000000000        1.1669001271555807E-002
   4620.0000000000000        1.1687647523422977E-002
   4630.0000000000000        1.1706658534075962E-002
   4640.0000000000000        1.1725972887592799E-002
   4650.0000000000000        1.1745530054931681E-002
   4660.0000000000000        1.1765275278579866E-002
   4670.0000000000000        1.1785163316558262E-002
   4680.0000000000000        1.1805159001013529E-002
   4690.0000000000000        1.1825235918603934E-002
   4700.0000000000000        1.1845376629310745E-002
   4710.0000000000000        1.1865577797540017E-002
   4720.0000000000000        1.1885860012231355E-002
   4730.0000000000000        1.1906276989267077E-002
   4740.0000000000000        1.1926917101848036E-002
   4750.0000000000000        1.1947894134120670E-002
   4760.0000000000000        1.1969330262838548E-002
   4770.0000000000000        1.1991337105837364E-002
   4780.0000000000000        1.2013999914038070E-002
   4790.0000000000000        1.2037368749292022E-002
   4800.0000000000000        1.2061459536275070E-002
   4810.0000000000000        1.2086264981246585E-002
   4820.0000000000000        1.2111769909785802E-002
   4830.0000000000000        1.2137961868776191E-002
   4840.0000000000000        1.2164831364777664E-002
   4850.0000000000000        1.2192363950242032E-002
   4860.0000000000000        1.2220529749336278E-002
   4870.0000000000000        1.2249275587889876E-002
   4880.0000000000000        1.2278524701636612E-002
   4890.0000000000000        1.2308186081099496E-002
   4900.0000000000000        1.2338170201233694E-002
   4910.0000000000000        1.2368404077599298E-002
   4920.0000000000000        1.2398837801258682E-002
   4930.0000000000000        1.2429439164381620E-002
   4940.0000000000000        1.2460180569245395E-002
   4950.0000000000000        1.2491025295143662E-002
   4960.0000000000000        1.2521917858016769E-002
   4970.0000000000000        1.2552781763474253E-002
   4980.0000000000000        1.2583527772578368E-002
   4990.0000000000000        1.2614071675379713E-002
   5000.0000000000000        1.2644352239504201E-002
