   10.000000000000000        7.4525951635400698E-006
   20.000000000000000        2.9764386874926865E-005
   30.000000000000000        6.6758175581153661E-005
   40.000000000000000        1.1811802369074088E-004
   50.000000000000000        1.8339909044280493E-004
   60.000000000000000        2.6203896521621764E-004
   70.000000000000000        3.5337112400359261E-004
   80.000000000000000        4.5664111918463816E-004
   90.000000000000000        5.7102350609977834E-004
   100.00000000000000        6.9563655915703178E-004
   110.00000000000000        8.2955406456443771E-004
   120.00000000000000        9.7181589914854621E-004
   130.00000000000000        1.1214388963090296E-003
   140.00000000000000        1.2774273439197003E-003
   150.00000000000000        1.4387812527245042E-003
   160.00000000000000        1.6045019965918760E-003
   170.00000000000000        1.7735973287230453E-003
   180.00000000000000        1.9450880562261116E-003
   190.00000000000000        2.1180165090990796E-003
   200.00000000000000        2.2914548619842661E-003
   210.00000000000000        2.4645113662610883E-003
   220.00000000000000        2.6363344882199681E-003
   230.00000000000000        2.8061167860907988E-003
   240.00000000000000        2.9731001317127642E-003
   250.00000000000000        3.1365822082940649E-003
   260.00000000000000        3.2959235713081857E-003
   270.00000000000000        3.4505552734564598E-003
   280.00000000000000        3.5999864816010875E-003
   290.00000000000000        3.7438095665465786E-003
   300.00000000000000        3.8817003058627948E-003
   310.00000000000000        4.0134126953220856E-003
   320.00000000000000        4.1387690830722414E-003
   330.00000000000000        4.2576481471048536E-003
   340.00000000000000        4.3699745022337333E-003
   350.00000000000000        4.4757128008473951E-003
   360.00000000000000        4.5748676109446142E-003
   370.00000000000000        4.6674876416308263E-003
   380.00000000000000        4.7536698715323171E-003
   390.00000000000000        4.8335592171629667E-003
   400.00000000000000        4.9073418517995328E-003
   410.00000000000000        4.9752332150126144E-003
   420.00000000000000        5.0374644819147097E-003
   430.00000000000000        5.0942718300325783E-003
   440.00000000000000        5.1458910854637703E-003
   450.00000000000000        5.1925580416377981E-003
   460.00000000000000        5.2345126925147090E-003
   470.00000000000000        5.2720047003590488E-003
   480.00000000000000        5.3052981132779139E-003
   490.00000000000000        5.3346741896936976E-003
   500.00000000000000        5.3604308663966890E-003
   510.00000000000000        5.3828771146939179E-003
   520.00000000000000        5.4023221412597836E-003
   530.00000000000000        5.4190625098529321E-003
   540.00000000000000        5.4333718062180890E-003
   550.00000000000000        5.4454957278188927E-003
   560.00000000000000        5.4556520104027135E-003
   570.00000000000000        5.4640323388841696E-003
   580.00000000000000        5.4708037542581236E-003
   590.00000000000000        5.4761090934647956E-003
   600.00000000000000        5.4800677145442206E-003
   610.00000000000000        5.4827778695927601E-003
   620.00000000000000        5.4843206952527911E-003
   630.00000000000000        5.4847645877312869E-003
   640.00000000000000        5.4841695936093966E-003
   650.00000000000000        5.4825934042483206E-003
   660.00000000000000        5.4801000058332912E-003
   670.00000000000000        5.4767681483846387E-003
   680.00000000000000        5.4726939388422460E-003
   690.00000000000000        5.4679842304818267E-003
   700.00000000000000        5.4627434880707331E-003
   710.00000000000000        5.4570611296770842E-003
   720.00000000000000        5.4510056186985508E-003
   730.00000000000000        5.4446268854021354E-003
   740.00000000000000        5.4379638628042704E-003
   750.00000000000000        5.4310521916487451E-003
   760.00000000000000        5.4239285580615099E-003
   770.00000000000000        5.4166306102638850E-003
   780.00000000000000        5.4091935239966157E-003
   790.00000000000000        5.4016459151317647E-003
   800.00000000000000        5.3940084632740654E-003
   810.00000000000000        5.3862973573674472E-003
   820.00000000000000        5.3785318204787359E-003
   830.00000000000000        5.3707422284382817E-003
   840.00000000000000        5.3629744918711536E-003
   850.00000000000000        5.3552883956695576E-003
   860.00000000000000        5.3477512907587161E-003
   870.00000000000000        5.3404306978088656E-003
   880.00000000000000        5.3333886077379985E-003
   890.00000000000000        5.3266785759274599E-003
   900.00000000000000        5.3203454566862927E-003
   910.00000000000000        5.3144260393355779E-003
   920.00000000000000        5.3089480123183650E-003
   930.00000000000000        5.3039270922492420E-003
   940.00000000000000        5.2993663332395078E-003
   950.00000000000000        5.2952625071008581E-003
   960.00000000000000        5.2916196289971252E-003
   970.00000000000000        5.2884626415124160E-003
   980.00000000000000        5.2858417077522157E-003
   990.00000000000000        5.2838234827995443E-003
   1000.0000000000000        5.2824754751508067E-003
   1010.0000000000000        5.2818533096029158E-003
   1020.0000000000000        5.2819956038494343E-003
   1030.0000000000000        5.2829243757914245E-003
   1040.0000000000000        5.2846467059761634E-003
   1050.0000000000000        5.2871554753444088E-003
   1060.0000000000000        5.2904300283103641E-003
   1070.0000000000000        5.2944387158563267E-003
   1080.0000000000000        5.2991438030633642E-003
   1090.0000000000000        5.3045071643478183E-003
   1100.0000000000000        5.3104945471002512E-003
   1110.0000000000000        5.3170767122152377E-003
   1120.0000000000000        5.3242266691051494E-003
   1130.0000000000000        5.3319139084433524E-003
   1140.0000000000000        5.3400986513786634E-003
   1150.0000000000000        5.3487296365990564E-003
   1160.0000000000000        5.3577470266777238E-003
   1170.0000000000000        5.3670893322186166E-003
   1180.0000000000000        5.3767015562505406E-003
   1190.0000000000000        5.3865412179612193E-003
   1200.0000000000000        5.3965793105437759E-003
   1210.0000000000000        5.4067948913141478E-003
   1220.0000000000000        5.4171648612328918E-003
   1230.0000000000000        5.4276533002153952E-003
   1240.0000000000000        5.4382055649719423E-003
   1250.0000000000000        5.4487503120192286E-003
   1260.0000000000000        5.4592086431140864E-003
   1270.0000000000000        5.4695059947152342E-003
   1280.0000000000000        5.4795815184604264E-003
   1290.0000000000000        5.4893919710548309E-003
   1300.0000000000000        5.4989103558536184E-003
   1310.0000000000000        5.5081212382630217E-003
   1320.0000000000000        5.5170148404720190E-003
   1330.0000000000000        5.5255820009557054E-003
   1340.0000000000000        5.5338116906425627E-003
   1350.0000000000000        5.5416913779041555E-003
   1360.0000000000000        5.5492086667613578E-003
   1370.0000000000000        5.5563515049651454E-003
   1380.0000000000000        5.5631053562237012E-003
   1390.0000000000000        5.5694491726633270E-003
   1400.0000000000000        5.5753543868763437E-003
   1410.0000000000000        5.5807890410646066E-003
   1420.0000000000000        5.5857245727628669E-003
   1430.0000000000000        5.5901406820394791E-003
   1440.0000000000000        5.5940257593358527E-003
   1450.0000000000000        5.5973739602038358E-003
   1460.0000000000000        5.6001820321077587E-003
   1470.0000000000000        5.6024484575903435E-003
   1480.0000000000000        5.6041755328451615E-003
   1490.0000000000000        5.6053735051449496E-003
   1500.0000000000000        5.6060656428104224E-003
   1510.0000000000000        5.6062931086140891E-003
   1520.0000000000000        5.6061179492798317E-003
   1530.0000000000000        5.6056224916562715E-003
   1540.0000000000000        5.6049048668291848E-003
   1550.0000000000000        5.6040720126957315E-003
   1560.0000000000000        5.6032317418710474E-003
   1570.0000000000000        5.6024846503255855E-003
   1580.0000000000000        5.6019161852484513E-003
   1590.0000000000000        5.6015895139597842E-003
   1600.0000000000000        5.6015405048346388E-003
   1610.0000000000000        5.6017769647944355E-003
   1620.0000000000000        5.6022845920392630E-003
   1630.0000000000000        5.6030402034104605E-003
   1640.0000000000000        5.6040284321699366E-003
   1650.0000000000000        5.6052544278523868E-003
   1660.0000000000000        5.6067463789959866E-003
   1670.0000000000000        5.6085481190784013E-003
   1680.0000000000000        5.6107079643485571E-003
   1690.0000000000000        5.6132698596151904E-003
   1700.0000000000000        5.6162685810270613E-003
   1710.0000000000000        5.6197275398852083E-003
   1720.0000000000000        5.6236574681770221E-003
   1730.0000000000000        5.6280555788893556E-003
   1740.0000000000000        5.6329061479944110E-003
   1750.0000000000000        5.6381832516760946E-003
   1760.0000000000000        5.6438544262618620E-003
   1770.0000000000000        5.6498829300002072E-003
   1780.0000000000000        5.6562279987208029E-003
   1790.0000000000000        5.6628449370518278E-003
   1800.0000000000000        5.6696870267049140E-003
   1810.0000000000000        5.6767091797487968E-003
   1820.0000000000000        5.6838712581141941E-003
   1830.0000000000000        5.6911387210124573E-003
   1840.0000000000000        5.6984800743209614E-003
   1850.0000000000000        5.7058630248870016E-003
   1860.0000000000000        5.7132523756209929E-003
   1870.0000000000000        5.7206121530271490E-003
   1880.0000000000000        5.7279123017884501E-003
   1890.0000000000000        5.7351365822174852E-003
   1900.0000000000000        5.7422858976876089E-003
   1910.0000000000000        5.7493741500965357E-003
   1920.0000000000000        5.7564202594458814E-003
   1930.0000000000000        5.7634433358378602E-003
   1940.0000000000000        5.7704646204380294E-003
   1950.0000000000000        5.7775132651814260E-003
   1960.0000000000000        5.7846295695549435E-003
   1970.0000000000000        5.7918618075684953E-003
   1980.0000000000000        5.7992580952827121E-003
   1990.0000000000000        5.8068574254013846E-003
   2000.0000000000000        5.8146826523343617E-003
   2010.0000000000000        5.8227361473867541E-003
   2020.0000000000000        5.8309986670515767E-003
   2030.0000000000000        5.8394325021285179E-003
   2040.0000000000000        5.8479890170391804E-003
   2050.0000000000000        5.8566184658492637E-003
   2060.0000000000000        5.8652784413832293E-003
   2070.0000000000000        5.8739377170075550E-003
   2080.0000000000000        5.8825744509779700E-003
   2090.0000000000000        5.8911707276751643E-003
   2100.0000000000000        5.8997075567851559E-003
   2110.0000000000000        5.9081640965226749E-003
   2120.0000000000000        5.9165217742551592E-003
   2130.0000000000000        5.9247706529759782E-003
   2140.0000000000000        5.9329151233317463E-003
   2150.0000000000000        5.9409779472505055E-003
   2160.0000000000000        5.9490022536509138E-003
   2170.0000000000000        5.9570503608033770E-003
   2180.0000000000000        5.9651990993295776E-003
   2190.0000000000000        5.9735334431863215E-003
   2200.0000000000000        5.9821406418340091E-003
   2210.0000000000000        5.9911049502220613E-003
   2220.0000000000000        6.0005012909517758E-003
   2230.0000000000000        6.0103872279413115E-003
   2240.0000000000000        6.0207952504120572E-003
   2250.0000000000000        6.0317275397985788E-003
   2260.0000000000000        6.0431535845366776E-003
   2270.0000000000000        6.0550122202051174E-003
   2280.0000000000000        6.0672216391579117E-003
   2290.0000000000000        6.0796968360413541E-003
   2300.0000000000000        6.0923665776583752E-003
   2310.0000000000000        6.1051808039695350E-003
   2320.0000000000000        6.1181068194420636E-003
   2330.0000000000000        6.1311202883669686E-003
   2340.0000000000000        6.1441977198220853E-003
   2350.0000000000000        6.1573134275035458E-003
   2360.0000000000000        6.1704405850698044E-003
   2370.0000000000000        6.1835541858880063E-003
   2380.0000000000000        6.1966333408070050E-003
   2390.0000000000000        6.2096610393925240E-003
   2400.0000000000000        6.2226208559421001E-003
   2410.0000000000000        6.2354926013496884E-003
   2420.0000000000000        6.2482524146445471E-003
   2430.0000000000000        6.2608821376087314E-003
   2440.0000000000000        6.2733831368685647E-003
   2450.0000000000000        6.2857810690220874E-003
   2460.0000000000000        6.2981160708438337E-003
   2470.0000000000000        6.3104280286882461E-003
   2480.0000000000000        6.3227475591149593E-003
   2490.0000000000000        6.3350937910330455E-003
   2500.0000000000000        6.3474752917670740E-003
   2510.0000000000000        6.3598920302454049E-003
   2520.0000000000000        6.3723380699717593E-003
   2530.0000000000000        6.3848044537119647E-003
   2540.0000000000000        6.3972810988050278E-003
   2550.0000000000000        6.4097571079585530E-003
   2560.0000000000000        6.4222203307690816E-003
   2570.0000000000000        6.4346577054152469E-003
   2580.0000000000000        6.4470570717402942E-003
   2590.0000000000000        6.4594093780816148E-003
   2600.0000000000000        6.4717089922764438E-003
   2610.0000000000000        6.4839506937716960E-003
   2620.0000000000000        6.4961246494961277E-003
   2630.0000000000000        6.5082126953004962E-003
   2640.0000000000000        6.5201885426660932E-003
   2650.0000000000000        6.5320219762696682E-003
   2660.0000000000000        6.5436847366962233E-003
   2670.0000000000000        6.5551549299187805E-003
   2680.0000000000000        6.5664180817662163E-003
   2690.0000000000000        6.5774656706359637E-003
   2700.0000000000000        6.5882940519675784E-003
   2710.0000000000000        6.5989065935174156E-003
   2720.0000000000000        6.6093199734287055E-003
   2730.0000000000000        6.6195733070867615E-003
   2740.0000000000000        6.6297365603471539E-003
   2750.0000000000000        6.6399128585277458E-003
   2760.0000000000000        6.6502303221588049E-003
   2770.0000000000000        6.6608246559551271E-003
   2780.0000000000000        6.6718191338296252E-003
   2790.0000000000000        6.6833082885240300E-003
   2800.0000000000000        6.6953475685886501E-003
   2810.0000000000000        6.7079485451091879E-003
   2820.0000000000000        6.7210791253866729E-003
   2830.0000000000000        6.7346689323770905E-003
   2840.0000000000000        6.7486199758410061E-003
   2850.0000000000000        6.7628214575225117E-003
   2860.0000000000000        6.7771654954754549E-003
   2870.0000000000000        6.7915592941067649E-003
   2880.0000000000000        6.8059305543955572E-003
   2890.0000000000000        6.8202264311212329E-003
   2900.0000000000000        6.8344092879301481E-003
   2910.0000000000000        6.8484523617234495E-003
   2920.0000000000000        6.8623358986877794E-003
   2930.0000000000000        6.8760422697523938E-003
   2940.0000000000000        6.8895490607034466E-003
   2950.0000000000000        6.9028215599063261E-003
   2960.0000000000000        6.9158076153376892E-003
   2970.0000000000000        6.9284365660399628E-003
   2980.0000000000000        6.9406216135441739E-003
   2990.0000000000000        6.9522644131256471E-003
   3000.0000000000000        6.9632612471325923E-003
   3010.0000000000000        6.9735098332082751E-003
   3020.0000000000000        6.9829155160826273E-003
   3030.0000000000000        6.9913969028417991E-003
   3040.0000000000000        6.9988922881750078E-003
   3050.0000000000000        7.0053668654403867E-003
   3060.0000000000000        7.0108180764692557E-003
   3070.0000000000000        7.0152766090405766E-003
   3080.0000000000000        7.0188029624927853E-003
   3090.0000000000000        7.0214801211476259E-003
   3100.0000000000000        7.0234022284876583E-003
   3110.0000000000000        7.0246600910324588E-003
   3120.0000000000000        7.0253267633642903E-003
   3130.0000000000000        7.0254486168787938E-003
   3140.0000000000000        7.0250465269546571E-003
   3150.0000000000000        7.0241267130808161E-003
   3160.0000000000000        7.0226950892985458E-003
   3170.0000000000000        7.0207679665747142E-003
   3180.0000000000000        7.0183756224629018E-003
   3190.0000000000000        7.0155598080524758E-003
   3200.0000000000000        7.0123689135531712E-003
   3210.0000000000000        7.0088544428794685E-003
   3220.0000000000000        7.0050703490763715E-003
   3230.0000000000000        7.0010746456778891E-003
   3240.0000000000000        6.9969319427186163E-003
   3250.0000000000000        6.9927155427747184E-003
   3260.0000000000000        6.9885074404716406E-003
   3270.0000000000000        6.9843943894741332E-003
   3280.0000000000000        6.9804592515333433E-003
   3290.0000000000000        6.9767693778868718E-003
   3300.0000000000000        6.9733661773973485E-003
   3310.0000000000000        6.9702601161258917E-003
   3320.0000000000000        6.9674332749933565E-003
   3330.0000000000000        6.9648487566078537E-003
   3340.0000000000000        6.9624634045696871E-003
   3350.0000000000000        6.9602388072627797E-003
   3360.0000000000000        6.9581469681369735E-003
   3370.0000000000000        6.9561701641342498E-003
   3380.0000000000000        6.9542969573624051E-003
   3390.0000000000000        6.9525175521999759E-003
   3400.0000000000000        6.9508214918792659E-003
   3410.0000000000000        6.9491983430483451E-003
   3420.0000000000000        6.9476392104290902E-003
   3430.0000000000000        6.9461367391982273E-003
   3440.0000000000000        6.9446835312858115E-003
   3450.0000000000000        6.9432705207924574E-003
   3460.0000000000000        6.9418864899671202E-003
   3470.0000000000000        6.9405190511010895E-003
   3480.0000000000000        6.9391570631235121E-003
   3490.0000000000000        6.9377937942091544E-003
   3500.0000000000000        6.9364288386867708E-003
   3510.0000000000000        6.9350665330347658E-003
   3520.0000000000000        6.9337107156657090E-003
   3530.0000000000000        6.9323581240873971E-003
   3540.0000000000000        6.9309932534491565E-003
   3550.0000000000000        6.9295871180729820E-003
   3560.0000000000000        6.9281018275669176E-003
   3570.0000000000000        6.9265005807663546E-003
   3580.0000000000000        6.9247588031543369E-003
   3590.0000000000000        6.9228703361346126E-003
   3600.0000000000000        6.9208451575058748E-003
   3610.0000000000000        6.9187000060456881E-003
   3620.0000000000000        6.9164468388617116E-003
   3630.0000000000000        6.9140845274419079E-003
   3640.0000000000000        6.9115970713250312E-003
   3650.0000000000000        6.9089583868166306E-003
   3660.0000000000000        6.9061411062420692E-003
   3670.0000000000000        6.9031258331269281E-003
   3680.0000000000000        6.8999075727478086E-003
   3690.0000000000000        6.8964967678421642E-003
   3700.0000000000000        6.8929139812116177E-003
   3710.0000000000000        6.8891804337647307E-003
   3720.0000000000000        6.8853094944126671E-003
   3730.0000000000000        6.8813038848049967E-003
   3740.0000000000000        6.8771597920414106E-003
   3750.0000000000000        6.8728751174043845E-003
   3760.0000000000000        6.8684570949672178E-003
   3770.0000000000000        6.8639252395116925E-003
   3780.0000000000000        6.8593084232255654E-003
   3790.0000000000000        6.8546378225802498E-003
   3800.0000000000000        6.8499386240077143E-003
   3810.0000000000000        6.8452228249360125E-003
   3820.0000000000000        6.8404846027782379E-003
   3830.0000000000000        6.8356992691602433E-003
   3840.0000000000000        6.8308265873384443E-003
   3850.0000000000000        6.8258185917792246E-003
   3860.0000000000000        6.8206301082985839E-003
   3870.0000000000000        6.8152275257011554E-003
   3880.0000000000000        6.8095912544686400E-003
   3890.0000000000000        6.8037116682635500E-003
   3900.0000000000000        6.7975834815286219E-003
   3910.0000000000000        6.7912038880155986E-003
   3920.0000000000000        6.7845751824580896E-003
   3930.0000000000000        6.7777078829837122E-003
   3940.0000000000000        6.7706195540720316E-003
   3950.0000000000000        6.7633278419780233E-003
   3960.0000000000000        6.7558408853508499E-003
   3970.0000000000000        6.7481508250774869E-003
   3980.0000000000000        6.7402352770685649E-003
   3990.0000000000000        6.7320681443424329E-003
   4000.0000000000000        6.7236363530935386E-003
   4010.0000000000000        6.7149551971607789E-003
   4020.0000000000000        6.7060750805639363E-003
   4030.0000000000000        6.6970772851160506E-003
   4040.0000000000000        6.6880621126831205E-003
   4050.0000000000000        6.6791348008910078E-003
   4060.0000000000000        6.6703930125024688E-003
   4070.0000000000000        6.6619178027578505E-003
   4080.0000000000000        6.6537692498292314E-003
   4090.0000000000000        6.6459873466895086E-003
   4100.0000000000000        6.6385976846795279E-003
   4110.0000000000000        6.6316201967556096E-003
   4120.0000000000000        6.6250779001387674E-003
   4130.0000000000000        6.6190017164385589E-003
   4140.0000000000000        6.6134284081573779E-003
   4150.0000000000000        6.6083920231468354E-003
   4160.0000000000000        6.6039133735992179E-003
   4170.0000000000000        6.5999940764576506E-003
   4180.0000000000000        6.5966190408073737E-003
   4190.0000000000000        6.5937646298159921E-003
   4200.0000000000000        6.5914052450242412E-003
   4210.0000000000000        6.5895138914950904E-003
   4220.0000000000000        6.5880576183838758E-003
   4230.0000000000000        6.5869905266990889E-003
   4240.0000000000000        6.5862471451755677E-003
   4250.0000000000000        6.5857392209727099E-003
   4260.0000000000000        6.5853574978890616E-003
   4270.0000000000000        6.5849771446329208E-003
   4280.0000000000000        6.5844640685097378E-003
   4290.0000000000000        6.5836806501382000E-003
   4300.0000000000000        6.5824916291601383E-003
   4310.0000000000000        6.5807717422227104E-003
   4320.0000000000000        6.5784157465982891E-003
   4330.0000000000000        6.5753493509554516E-003
   4340.0000000000000        6.5715375829475120E-003
   4350.0000000000000        6.5669867287411511E-003
   4360.0000000000000        6.5617378187553558E-003
   4370.0000000000000        6.5558529196293805E-003
   4380.0000000000000        6.5493986199343796E-003
   4390.0000000000000        6.5424322821183286E-003
   4400.0000000000000        6.5349951140182922E-003
   4410.0000000000000        6.5271136163235505E-003
   4420.0000000000000        6.5188092915071287E-003
   4430.0000000000000        6.5101132867648450E-003
   4440.0000000000000        6.5010766059778249E-003
   4450.0000000000000        6.4917668811029661E-003
   4460.0000000000000        6.4822553931339223E-003
   4470.0000000000000        6.4726076320478021E-003
   4480.0000000000000        6.4628839894611883E-003
   4490.0000000000000        6.4531457987765609E-003
   4500.0000000000000        6.4434593927867791E-003
   4510.0000000000000        6.4338951310691176E-003
   4520.0000000000000        6.4245224924753368E-003
   4530.0000000000000        6.4154034413715835E-003
   4540.0000000000000        6.4065860519893362E-003
   4550.0000000000000        6.3981010370842807E-003
   4560.0000000000000        6.3899635394139304E-003
   4570.0000000000000        6.3821793505923468E-003
   4580.0000000000000        6.3747519543324244E-003
   4590.0000000000000        6.3676875789501200E-003
   4600.0000000000000        6.3609976137831616E-003
   4610.0000000000000        6.3546984991524110E-003
   4620.0000000000000        6.3488091333278700E-003
   4630.0000000000000        6.3433464112978696E-003
   4640.0000000000000        6.3383203258017664E-003
   4650.0000000000000        6.3337302258693311E-003
   4660.0000000000000        6.3295635307944187E-003
   4670.0000000000000        6.3257976845837458E-003
   4680.0000000000000        6.3224050652363854E-003
   4690.0000000000000        6.3193591399228087E-003
   4700.0000000000000        6.3166394757405509E-003
   4710.0000000000000        6.3142340784347311E-003
   4720.0000000000000        6.3121394492414596E-003
   4730.0000000000000        6.3103597742076769E-003
   4740.0000000000000        6.3089050030349543E-003
   4750.0000000000000        6.3077853630093376E-003
   4760.0000000000000        6.3070021233288852E-003
   4770.0000000000000        6.3065401280704234E-003
   4780.0000000000000        6.3063687484214218E-003
   4790.0000000000000        6.3064518357459657E-003
   4800.0000000000000        6.3067602772835119E-003
   4810.0000000000000        6.3072790555176173E-003
   4820.0000000000000        6.3080050103828233E-003
   4830.0000000000000        6.3089378578983163E-003
   4840.0000000000000        6.3100704311397507E-003
   4850.0000000000000        6.3113829944928647E-003
   4860.0000000000000        6.3128427964915272E-003
   4870.0000000000000        6.3144062900226715E-003
   4880.0000000000000        6.3160201593833879E-003
   4890.0000000000000        6.3176199183749672E-003
   4900.0000000000000        6.3191288762289057E-003
   4910.0000000000000        6.3204611537852184E-003
   4920.0000000000000        6.3215294109973622E-003
   4930.0000000000000        6.3222545190539658E-003
   4940.0000000000000        6.3225735544414742E-003
   4950.0000000000000        6.3224441470582839E-003
   4960.0000000000000        6.3218454864422289E-003
   4970.0000000000000        6.3207773873421476E-003
   4980.0000000000000        6.3192584153723532E-003
   4990.0000000000000        6.3173233617343271E-003
   5000.0000000000000        6.3150201989456639E-003
