   10.000000000000000        1.2228496198387617E-005
   20.000000000000000        4.8707302826273002E-005
   30.000000000000000        1.0884999313642630E-004
   40.000000000000000        1.9175695324033794E-004
   50.000000000000000        2.9628047141179464E-004
   60.000000000000000        4.2107853492779073E-004
   70.000000000000000        5.6464385544671637E-004
   80.000000000000000        7.2532294198586087E-004
   90.000000000000000        9.0134403528227796E-004
   100.00000000000000        1.0908483685691031E-003
   110.00000000000000        1.2919308221050628E-003
   120.00000000000000        1.5026985239510187E-003
   130.00000000000000        1.7213179133862889E-003
   140.00000000000000        1.9460294080587710E-003
   150.00000000000000        2.1751592578049522E-003
   160.00000000000000        2.4071363702313428E-003
   170.00000000000000        2.6405046954325090E-003
   180.00000000000000        2.8739593367399100E-003
   190.00000000000000        3.1064059805249815E-003
   200.00000000000000        3.3369793267558705E-003
   210.00000000000000        3.5650035922150229E-003
   220.00000000000000        3.7899631725310922E-003
   230.00000000000000        4.0114921713399199E-003
   240.00000000000000        4.2293377039022886E-003
   250.00000000000000        4.4433293982001684E-003
   260.00000000000000        4.6533733049182154E-003
   270.00000000000000        4.8594532269776178E-003
   280.00000000000000        5.0616313714735026E-003
   290.00000000000000        5.2600374297430905E-003
   300.00000000000000        5.4548445005463365E-003
   310.00000000000000        5.6462477072357284E-003
   320.00000000000000        5.8344562275591981E-003
   330.00000000000000        6.0196839566258936E-003
   340.00000000000000        6.2021294504012673E-003
   350.00000000000000        6.3819583976035318E-003
   360.00000000000000        6.5592925901285862E-003
   370.00000000000000        6.7342035992941475E-003
   380.00000000000000        6.9067162426552520E-003
   390.00000000000000        7.0768247261895033E-003
   400.00000000000000        7.2445131621962826E-003
   410.00000000000000        7.4097701640444148E-003
   420.00000000000000        7.5725967703188356E-003
   430.00000000000000        7.7330106861105696E-003
   440.00000000000000        7.8910500237099283E-003
   450.00000000000000        8.0467773175262707E-003
   460.00000000000000        8.2002801176745532E-003
   470.00000000000000        8.3516707927483013E-003
   480.00000000000000        8.5010865820576813E-003
   490.00000000000000        8.6486788405468959E-003
   500.00000000000000        8.7945937166520483E-003
   510.00000000000000        8.9389593600322989E-003
   520.00000000000000        9.0818812854783302E-003
   530.00000000000000        9.2234385917437482E-003
   540.00000000000000        9.3636785947000846E-003
   550.00000000000000        9.5026138879339399E-003
   560.00000000000000        9.6402311284024388E-003
   570.00000000000000        9.7765131449285367E-003
   580.00000000000000        9.9114596768405672E-003
   590.00000000000000        1.0045094579755907E-002
   600.00000000000000        1.0177463782113419E-002
   610.00000000000000        1.0308633345911184E-002
   620.00000000000000        1.0438688616647254E-002
   630.00000000000000        1.0567731065325844E-002
   640.00000000000000        1.0695870649567497E-002
   650.00000000000000        1.0823207678733663E-002
   660.00000000000000        1.0949805409835140E-002
   670.00000000000000        1.1075673128000606E-002
   680.00000000000000        1.1200776292938553E-002
   690.00000000000000        1.1325064303875367E-002
   700.00000000000000        1.1448490785436229E-002
   710.00000000000000        1.1571015734319632E-002
   720.00000000000000        1.1692605777823118E-002
   730.00000000000000        1.1813257613845810E-002
   740.00000000000000        1.1933044461420704E-002
   750.00000000000000        1.2052143976004289E-002
   760.00000000000000        1.2170811806487127E-002
   770.00000000000000        1.2289321117848038E-002
   780.00000000000000        1.2407907879683606E-002
   790.00000000000000        1.2526736551865583E-002
   800.00000000000000        1.2645889990470734E-002
   810.00000000000000        1.2765383877877425E-002
   820.00000000000000        1.2885192881522815E-002
   830.00000000000000        1.3005275265973639E-002
   840.00000000000000        1.3125594015615579E-002
   850.00000000000000        1.3246129532492034E-002
   860.00000000000000        1.3366874031606770E-002
   870.00000000000000        1.3487809042104712E-002
   880.00000000000000        1.3608877894117107E-002
   890.00000000000000        1.3729970700171235E-002
   900.00000000000000        1.3850936040104799E-002
   910.00000000000000        1.3971606137255977E-002
   920.00000000000000        1.4091805386390412E-002
   930.00000000000000        1.4211343172153971E-002
   940.00000000000000        1.4330016274340850E-002
   950.00000000000000        1.4447624885616378E-002
   960.00000000000000        1.4563992561520680E-002
   970.00000000000000        1.4678989620255187E-002
   980.00000000000000        1.4792557956743750E-002
   990.00000000000000        1.4904721456029722E-002
   1000.0000000000000        1.5015575067804243E-002
   1010.0000000000000        1.5125266678797659E-002
   1020.0000000000000        1.5233977932071688E-002
   1030.0000000000000        1.5341896677562647E-002
   1040.0000000000000        1.5449185694778130E-002
   1050.0000000000000        1.5555963739756642E-002
   1060.0000000000000        1.5662304535529109E-002
   1070.0000000000000        1.5768246940953624E-002
   1080.0000000000000        1.5873809481313419E-002
   1090.0000000000000        1.5979005017761914E-002
   1100.0000000000000        1.6083852748361906E-002
   1110.0000000000000        1.6188386285219323E-002
   1120.0000000000000        1.6292650342916878E-002
   1130.0000000000000        1.6396680163611486E-002
   1140.0000000000000        1.6500477403625514E-002
   1150.0000000000000        1.6604002567558427E-002
   1160.0000000000000        1.6707183722890297E-002
   1170.0000000000000        1.6809924527873901E-002
   1180.0000000000000        1.6912103680664571E-002
   1190.0000000000000        1.7013578144960528E-002
   1200.0000000000000        1.7114207233407494E-002
   1210.0000000000000        1.7213893133442362E-002
   1220.0000000000000        1.7312613917026740E-002
   1230.0000000000000        1.7410429910654765E-002
   1240.0000000000000        1.7507460927672417E-002
   1250.0000000000000        1.7603847974152386E-002
   1260.0000000000000        1.7699717354315206E-002
   1270.0000000000000        1.7795159088909628E-002
   1280.0000000000000        1.7890223588570512E-002
   1290.0000000000000        1.7984930723191277E-002
   1300.0000000000000        1.8079277598080704E-002
   1310.0000000000000        1.8173233898737387E-002
   1320.0000000000000        1.8266733025520090E-002
   1330.0000000000000        1.8359687383199375E-002
   1340.0000000000000        1.8452033644995616E-002
   1350.0000000000000        1.8543767552816122E-002
   1360.0000000000000        1.8634943078619307E-002
   1370.0000000000000        1.8725659591198221E-002
   1380.0000000000000        1.8816058915714508E-002
   1390.0000000000000        1.8906329310775363E-002
   1400.0000000000000        1.8996700253249513E-002
   1410.0000000000000        1.9087417352618128E-002
   1420.0000000000000        1.9178709858524125E-002
   1430.0000000000000        1.9270765889586820E-002
   1440.0000000000000        1.9363713474928403E-002
   1450.0000000000000        1.9457610975367568E-002
   1460.0000000000000        1.9552463312165189E-002
   1470.0000000000000        1.9648260091806119E-002
   1480.0000000000000        1.9745005537131020E-002
   1490.0000000000000        1.9842723529736862E-002
   1500.0000000000000        1.9941449100653898E-002
   1510.0000000000000        2.0041220464593914E-002
   1520.0000000000000        2.0142074538392764E-002
   1530.0000000000000        2.0244039811982775E-002
   1540.0000000000000        2.0347118119905878E-002
   1550.0000000000000        2.0451260228122516E-002
   1560.0000000000000        2.0556351200356402E-002
   1570.0000000000000        2.0662214249803110E-002
   1580.0000000000000        2.0768632877661498E-002
   1590.0000000000000        2.0875384283479504E-002
   1600.0000000000000        2.0982267580160283E-002
   1610.0000000000000        2.1089114259119003E-002
   1620.0000000000000        2.1195775844253934E-002
   1630.0000000000000        2.1302092020254973E-002
   1640.0000000000000        2.1407873075074749E-002
   1650.0000000000000        2.1512930277724641E-002
   1660.0000000000000        2.1617139892353112E-002
   1670.0000000000000        2.1720483115283459E-002
   1680.0000000000000        2.1823016262355274E-002
   1690.0000000000000        2.1924797083452595E-002
   1700.0000000000000        2.2025825228117697E-002
   1710.0000000000000        2.2126024276464002E-002
   1720.0000000000000        2.2225262020249322E-002
   1730.0000000000000        2.2323388345474163E-002
   1740.0000000000000        2.2420269296529870E-002
   1750.0000000000000        2.2515808726755269E-002
   1760.0000000000000        2.2609960731960938E-002
   1770.0000000000000        2.2702738473319307E-002
   1780.0000000000000        2.2794218555176757E-002
   1790.0000000000000        2.2884534281100734E-002
   1800.0000000000000        2.2973858836474823E-002
   1810.0000000000000        2.3062389853410400E-002
   1820.0000000000000        2.3150342277840550E-002
   1830.0000000000000        2.3237948852636716E-002
   1840.0000000000000        2.3325459534393946E-002
   1850.0000000000000        2.3413127060709013E-002
   1860.0000000000000        2.3501184080701877E-002
   1870.0000000000000        2.3589834099169444E-002
   1880.0000000000000        2.3679268460748474E-002
   1890.0000000000000        2.3769692477851934E-002
   1900.0000000000000        2.3861325003371910E-002
   1910.0000000000000        2.3954364324735054E-002
   1920.0000000000000        2.4048955441210176E-002
   1930.0000000000000        2.4145186553411191E-002
   1940.0000000000000        2.4243109670873474E-002
   1950.0000000000000        2.4342761335279482E-002
   1960.0000000000000        2.4444164778993718E-002
   1970.0000000000000        2.4547313017358262E-002
   1980.0000000000000        2.4652145168628806E-002
   1990.0000000000000        2.4758532154912763E-002
   2000.0000000000000        2.4866284178649455E-002
   2010.0000000000000        2.4975179496653888E-002
   2020.0000000000000        2.5084996181265390E-002
   2030.0000000000000        2.5195531811096697E-002
   2040.0000000000000        2.5306615744783177E-002
   2050.0000000000000        2.5418117024273757E-002
   2060.0000000000000        2.5529943195699765E-002
   2070.0000000000000        2.5642029321707227E-002
   2080.0000000000000        2.5754319875563383E-002
   2090.0000000000000        2.5866750549844567E-002
   2100.0000000000000        2.5979242219137805E-002
   2110.0000000000000        2.6091714323493796E-002
   2120.0000000000000        2.6204109751258978E-002
   2130.0000000000000        2.6316413470930753E-002
   2140.0000000000000        2.6428651435223102E-002
   2150.0000000000000        2.6540868032569626E-002
   2160.0000000000000        2.6653097827177664E-002
   2170.0000000000000        2.6765354491588497E-002
   2180.0000000000000        2.6877633840058975E-002
   2190.0000000000000        2.6989900759886821E-002
   2200.0000000000000        2.7102061436123825E-002
   2210.0000000000000        2.7213966474170855E-002
   2220.0000000000000        2.7325447963877703E-002
   2230.0000000000000        2.7436358246156835E-002
   2240.0000000000000        2.7546598744662136E-002
   2250.0000000000000        2.7656131755568490E-002
   2260.0000000000000        2.7764976447508482E-002
   2270.0000000000000        2.7873205146223191E-002
   2280.0000000000000        2.7980949572236378E-002
   2290.0000000000000        2.8088406637816945E-002
   2300.0000000000000        2.8195832470142963E-002
   2310.0000000000000        2.8303528084254351E-002
   2320.0000000000000        2.8411819459396921E-002
   2330.0000000000000        2.8521029240760186E-002
   2340.0000000000000        2.8631443222834837E-002
   2350.0000000000000        2.8743276360137605E-002
   2360.0000000000000        2.8856642295854759E-002
   2370.0000000000000        2.8971536342715338E-002
   2380.0000000000000        2.9087844303693898E-002
   2390.0000000000000        2.9205381211742567E-002
   2400.0000000000000        2.9323944743145522E-002
   2410.0000000000000        2.9443355692125910E-002
   2420.0000000000000        2.9563470833954417E-002
   2430.0000000000000        2.9684171664134142E-002
   2440.0000000000000        2.9805337288488103E-002
   2450.0000000000000        2.9926819864513825E-002
   2460.0000000000000        3.0048446724943712E-002
   2470.0000000000000        3.0170049144005551E-002
   2480.0000000000000        3.0291491331779191E-002
   2490.0000000000000        3.0412683788608872E-002
   2500.0000000000000        3.0533590471374345E-002
   2510.0000000000000        3.0654238237263490E-002
   2520.0000000000000        3.0774718290360242E-002
   2530.0000000000000        3.0895163867174461E-002
   2540.0000000000000        3.1015706801527789E-002
   2550.0000000000000        3.1136438473390159E-002
   2560.0000000000000        3.1257394318693704E-002
   2570.0000000000000        3.1378555092859466E-002
   2580.0000000000000        3.1499854452856746E-002
   2590.0000000000000        3.1621192151779588E-002
   2600.0000000000000        3.1742446426349359E-002
   2610.0000000000000        3.1863475066649945E-002
   2620.0000000000000        3.1984113064327427E-002
   2630.0000000000000        3.2104187998135046E-002
   2640.0000000000000        3.2223557526442279E-002
   2650.0000000000000        3.2342155703644092E-002
   2660.0000000000000        3.2460028950740509E-002
   2670.0000000000000        3.2577338034494155E-002
   2680.0000000000000        3.2694320958679815E-002
   2690.0000000000000        3.2811242175755824E-002
   2700.0000000000000        3.2928356857845016E-002
   2710.0000000000000        3.3045899186034615E-002
   2720.0000000000000        3.3164081709744865E-002
   2730.0000000000000        3.3283093575851450E-002
   2740.0000000000000        3.3403093705775710E-002
   2750.0000000000000        3.3524189560667855E-002
   2760.0000000000000        3.3646398675747098E-002
   2770.0000000000000        3.3769602117045987E-002
   2780.0000000000000        3.3893507821289179E-002
   2790.0000000000000        3.4017653077855502E-002
   2800.0000000000000        3.4141472458647709E-002
   2810.0000000000000        3.4264430795950207E-002
   2820.0000000000000        3.4386166989218404E-002
   2830.0000000000000        3.4506562474322440E-002
   2840.0000000000000        3.4625710982687359E-002
   2850.0000000000000        3.4743843746044674E-002
   2860.0000000000000        3.4861254963154772E-002
   2870.0000000000000        3.4978248944193872E-002
   2880.0000000000000        3.5095124950686007E-002
   2890.0000000000000        3.5212176849505880E-002
   2900.0000000000000        3.5329669456556051E-002
   2910.0000000000000        3.5447798310318836E-002
   2920.0000000000000        3.5566658350174758E-002
   2930.0000000000000        3.5686227307605470E-002
   2940.0000000000000        3.5806368179071735E-002
   2950.0000000000000        3.5926853780260858E-002
   2960.0000000000000        3.6047402383874674E-002
   2970.0000000000000        3.6167717224666635E-002
   2980.0000000000000        3.6287520666250003E-002
   2990.0000000000000        3.6406571569879149E-002
   3000.0000000000000        3.6524670180041512E-002
   3010.0000000000000        3.6641657842943105E-002
   3020.0000000000000        3.6757410004036456E-002
   3030.0000000000000        3.6871825585451302E-002
   3040.0000000000000        3.6984823311099667E-002
   3050.0000000000000        3.7096345282763780E-002
   3060.0000000000000        3.7206358151563805E-002
   3070.0000000000000        3.7314849427136969E-002
   3080.0000000000000        3.7421823004761441E-002
   3090.0000000000000        3.7527293803678106E-002
   3100.0000000000000        3.7631281151076813E-002
   3110.0000000000000        3.7733809160216958E-002
   3120.0000000000000        3.7834919401032244E-002
   3130.0000000000000        3.7934689290494414E-002
   3140.0000000000000        3.8033244612044402E-002
   3150.0000000000000        3.8130755041898383E-002
   3160.0000000000000        3.8227414190638839E-002
   3170.0000000000000        3.8323424346336184E-002
   3180.0000000000000        3.8418999693739513E-002
   3190.0000000000000        3.8514370906485823E-002
   3200.0000000000000        3.8609770845614039E-002
   3210.0000000000000        3.8705412400573146E-002
   3220.0000000000000        3.8801478168625760E-002
   3230.0000000000000        3.8898115516709325E-002
   3240.0000000000000        3.8995418765491216E-002
   3250.0000000000000        3.9093408986666425E-002
   3260.0000000000000        3.9192040199911155E-002
   3270.0000000000000        3.9291229618702177E-002
   3280.0000000000000        3.9390886250739630E-002
   3290.0000000000000        3.9490928477028224E-002
   3300.0000000000000        3.9591287529644338E-002
   3310.0000000000000        3.9691888945562692E-002
   3320.0000000000000        3.9792622973866841E-002
   3330.0000000000000        3.9893340310315814E-002
   3340.0000000000000        3.9993894695829611E-002
   3350.0000000000000        4.0094195164233501E-002
   3360.0000000000000        4.0194208833456306E-002
   3370.0000000000000        4.0293917193384876E-002
   3380.0000000000000        4.0393276943044586E-002
   3390.0000000000000        4.0492211092620876E-002
   3400.0000000000000        4.0590622106972167E-002
   3410.0000000000000        4.0688406793293906E-002
   3420.0000000000000        4.0785458311376928E-002
   3430.0000000000000        4.0881659005233176E-002
   3440.0000000000000        4.0976882187102243E-002
   3450.0000000000000        4.1071015822982004E-002
   3460.0000000000000        4.1163998311714460E-002
   3470.0000000000000        4.1255843568479861E-002
   3480.0000000000000        4.1346639846267012E-002
   3490.0000000000000        4.1436519185349539E-002
   3500.0000000000000        4.1525605252309146E-002
   3510.0000000000000        4.1613963930475617E-002
   3520.0000000000000        4.1701593691483865E-002
   3530.0000000000000        4.1788466048966945E-002
   3540.0000000000000        4.1874576161126512E-002
   3550.0000000000000        4.1959968797547473E-002
   3560.0000000000000        4.2044750551777969E-002
   3570.0000000000000        4.2129098234648513E-002
   3580.0000000000000        4.2213245199591104E-002
   3590.0000000000000        4.2297438173000051E-002
   3600.0000000000000        4.2381884946151513E-002
   3610.0000000000000        4.2466723042294832E-002
   3620.0000000000000        4.2552028759875599E-002
   3630.0000000000000        4.2637854190305961E-002
   3640.0000000000000        4.2724259617080526E-002
   3650.0000000000000        4.2811325409841262E-002
   3660.0000000000000        4.2899152737288879E-002
   3670.0000000000000        4.2987864243047270E-002
   3680.0000000000000        4.3077599854603875E-002
   3690.0000000000000        4.3168499353448131E-002
   3700.0000000000000        4.3260682501440439E-002
   3710.0000000000000        4.3354245569366436E-002
   3720.0000000000000        4.3449277635431771E-002
   3730.0000000000000        4.3545888288359806E-002
   3740.0000000000000        4.3644231044566419E-002
   3750.0000000000000        4.3744503866591948E-002
   3760.0000000000000        4.3846926373551448E-002
   3770.0000000000000        4.3951706994389564E-002
   3780.0000000000000        4.4059005467449792E-002
   3790.0000000000000        4.4168893648382584E-002
   3800.0000000000000        4.4281331751591164E-002
   3810.0000000000000        4.4396178173961368E-002
   3820.0000000000000        4.4513227424590941E-002
   3830.0000000000000        4.4632254746305160E-002
   3840.0000000000000        4.4753051845515104E-002
   3850.0000000000000        4.4875446614841330E-002
   3860.0000000000000        4.4999304409465632E-002
   3870.0000000000000        4.5124515919699341E-002
   3880.0000000000000        4.5250979342682178E-002
   3890.0000000000000        4.5378576773789800E-002
   3900.0000000000000        4.5507153069943046E-002
   3910.0000000000000        4.5636518353271177E-002
   3920.0000000000000        4.5766470846406379E-002
   3930.0000000000000        4.5896814957882129E-002
   3940.0000000000000        4.6027364270947405E-002
   3950.0000000000000        4.6157935095619954E-002
   3960.0000000000000        4.6288332557184349E-002
   3970.0000000000000        4.6418333785032732E-002
   3980.0000000000000        4.6547690640727293E-002
   3990.0000000000000        4.6676167723854370E-002
   4000.0000000000000        4.6803595259581089E-002
   4010.0000000000000        4.6929907138234167E-002
   4020.0000000000000        4.7055159333842661E-002
   4030.0000000000000        4.7179527275918079E-002
   4040.0000000000000        4.7303272594616946E-002
   4050.0000000000000        4.7426687954099128E-002
   4060.0000000000000        4.7550042475646384E-002
   4070.0000000000000        4.7673543860337272E-002
   4080.0000000000000        4.7797324303081937E-002
   4090.0000000000000        4.7921447696736848E-002
   4100.0000000000000        4.8045931290528789E-002
   4110.0000000000000        4.8170771990479831E-002
   4120.0000000000000        4.8295967250390814E-002
   4130.0000000000000        4.8421531418831792E-002
   4140.0000000000000        4.8547497557045759E-002
   4150.0000000000000        4.8673899413205927E-002
   4160.0000000000000        4.8800748465510878E-002
   4170.0000000000000        4.8928008416778079E-002
   4180.0000000000000        4.9055578687149576E-002
   4190.0000000000000        4.9183303141115076E-002
   4200.0000000000000        4.9311002949540106E-002
   4210.0000000000000        4.9438525323194482E-002
   4220.0000000000000        4.9565790356774816E-002
   4230.0000000000000        4.9692813516260363E-002
   4240.0000000000000        4.9819701019658706E-002
   4250.0000000000000        4.9946628960330051E-002
   4260.0000000000000        5.0073808150311233E-002
   4270.0000000000000        5.0201438039215146E-002
   4280.0000000000000        5.0329666742814479E-002
   4290.0000000000000        5.0458567787623025E-002
   4300.0000000000000        5.0588126159612341E-002
   4310.0000000000000        5.0718234317150876E-002
   4320.0000000000000        5.0848710749957650E-002
   4330.0000000000000        5.0979339865195511E-002
   4340.0000000000000        5.1109917550399148E-002
   4350.0000000000000        5.1240281296200375E-002
   4360.0000000000000        5.1370313773514767E-002
   4370.0000000000000        5.1499927483213609E-002
   4380.0000000000000        5.1629042624968861E-002
   4390.0000000000000        5.1757578015707184E-002
   4400.0000000000000        5.1885465206595129E-002
   4410.0000000000000        5.2012661451260017E-002
   4420.0000000000000        5.2139140897343651E-002
   4430.0000000000000        5.2264878033862233E-002
   4440.0000000000000        5.2389841999488325E-002
   4450.0000000000000        5.2514002815367888E-002
   4460.0000000000000        5.2637343422317559E-002
   4470.0000000000000        5.2759872753252383E-002
   4480.0000000000000        5.2881639170663020E-002
   4490.0000000000000        5.3002743097236751E-002
   4500.0000000000000        5.3123341669634630E-002
   4510.0000000000000        5.3243637882519283E-002
   4520.0000000000000        5.3363851297299626E-002
   4530.0000000000000        5.3484170334506052E-002
   4540.0000000000000        5.3604697796490269E-002
   4550.0000000000000        5.3725420787471077E-002
   4560.0000000000000        5.3846237130377700E-002
   4570.0000000000000        5.3967031035883961E-002
   4580.0000000000000        5.4087740527863068E-002
   4590.0000000000000        5.4208371649884367E-002
   4600.0000000000000        5.4328976382705424E-002
   4610.0000000000000        5.4449628446936731E-002
   4620.0000000000000        5.4570414259750691E-002
   4630.0000000000000        5.4691451586470652E-002
   4640.0000000000000        5.4812932315357075E-002
   4650.0000000000000        5.4935159598577768E-002
   4660.0000000000000        5.5058547444658247E-002
   4670.0000000000000        5.5183575504407459E-002
   4680.0000000000000        5.5310715670626821E-002
   4690.0000000000000        5.5440356238359641E-002
   4700.0000000000000        5.5572748581570283E-002
   4710.0000000000000        5.5707993043280987E-002
   4720.0000000000000        5.5846062550407929E-002
   4730.0000000000000        5.5986840129978489E-002
   4740.0000000000000        5.6130143048659292E-002
   4750.0000000000000        5.6275730525453982E-002
   4760.0000000000000        5.6423313068496350E-002
   4770.0000000000000        5.6572571778234736E-002
   4780.0000000000000        5.6723178709177972E-002
   4790.0000000000000        5.6874814110946477E-002
   4800.0000000000000        5.7027182424144875E-002
   4810.0000000000000        5.7180024413233554E-002
   4820.0000000000000        5.7333130724165182E-002
   4830.0000000000000        5.7486365612110131E-002
   4840.0000000000000        5.7639678925534642E-002
   4850.0000000000000        5.7793084198237421E-002
   4860.0000000000000        5.7946619312076848E-002
   4870.0000000000000        5.8100310988290355E-002
   4880.0000000000000        5.8254141706716778E-002
   4890.0000000000000        5.8408014037163468E-002
   4900.0000000000000        5.8561737254226608E-002
   4910.0000000000000        5.8715049384487246E-002
   4920.0000000000000        5.8867643818291182E-002
   4930.0000000000000        5.9019202939493705E-002
   4940.0000000000000        5.9169465232928820E-002
   4950.0000000000000        5.9318306174399912E-002
   4960.0000000000000        5.9465785257447792E-002
   4970.0000000000000        5.9612131864226557E-002
   4980.0000000000000        5.9757682479093355E-002
   4990.0000000000000        5.9902807167077202E-002
   5000.0000000000000        6.0047852398297331E-002
